sizes: [512, 766, 1020, 1274, 1528, 1782, 2036]
times: [[6.142153339960714e-05, 7.365904439930091e-05, 8.056044560003102e-05, 8.274852869826646e-05, 8.448993229958432e-05, 8.821051169879866e-05, 9.46193353945091e-05], [6.480578119571874e-05, 7.065787489746071e-05, 7.333441549926648e-05, 7.64103338006862e-05, 8.272677770301015e-05, 8.282685270696675e-05, 8.301927610027634e-05], [5.9679863005112565e-05, 7.890230899502058e-05, 8.215667699587356e-05, 8.62303771016741e-05, 8.44371696079179e-05, 8.893454729768565e-05, 9.39918596044663e-05]]